1
Темный шоколад
569
11
41
31
1
2
Сливочное масло
661
0.8
72.5
1.3
1
3
Коричневый сахар
380
0.1
0
98.1
1
4
Куриное яйцо(шт)
143
12.56
9.51
0.72
1
5
Пшеничная мука
324
11.7
1.8
63.7
1
6
Грицкие орехи
656
16.2
60.8
11.1
1
7
Творог
103.7
8.8
1.3
13.7
1
8
Сахар
400
0
0
100
1
9
Подсолнечное масло
899
0
99.9
0
2
10
Спагетти
362
11
1.1
74.5
1
11
Чеснок(зубчик)
4
0.19
0.01
0.99
6
12
Лук-шалот(головка)
72
2.50
0.10
16.80
7
13
Красный лук(головка)
42
1.4
0
9.1
7
14
Бекон
393
13.7
37.1
0
1
15
Сливки 20%-ные
207
2.5
20
4
2
16
Сыр пармезан
92
33
28
0
1
17
Соль
0
0
0
0
1
18
Молотый черный перец
251
10.4
3.3
38.7
1
19
Яблоко
82.7
0.7
0.7
17.2
1
20
Разрыхлитель
79
0.1
0.4
19.3
1
21
Картофель
85
2
0.4
16.3
1
22
Оливковое масло
898
0
99.8
0
1
23
Укроп
40
2.5
0.5
6.3
1
24
Петрушка
49
3.7
0.4
7.6
1
25
Баклажан
24
1.2
0.1
4.5
1
26
Желтый сладкий перец
27
1.3
0
5.3
1
27
Красный сладкий
31
1.3
0.1
5.3
1
28
Репчатый лук(головка)
41
1.4
0.4
8.2
7
29
Помидор
22
0.25
0.28
2.08
1
30
Томатная паста
63.2
0
0
15.8
1
31
Свинина
357.4
15
32.9
0.4
1
32
Королевские креветки
87
18.3
1.2
0.8
1
33
Курица
190
16
14
0
1
34
Минтай
72
15.9
0.9
0
1
35
Говядина
18
18.9
12.4
0
1
36
Щука
84
18.4
1.1
0
1
37
Абрикос
48
0.9
0.1
9
1
38
Банан
96
1.5
0.5
21
1
39
Гранат
83
1.67
1.17
14.7
1
40
Лайм
16
0.9
0.1
3
1
41
Малина
46
0.8
0.5
8.3
1
42
Папайя
43
0.47
0.26
9.12
1
43
Мякоть кокоса
61
3.33
33.49
15.23
1
44
Свекла
42
1.5
0.1
8.8
1
45
Огурец
15
0.65
0.11
3.63
1
46
Огурцы маринованные
11
0.33
0.20
2.26
1
47
Фасоль красная
84
5.22
0.60
14.50
1
48
Сыр тофу твердый
78
9.04
4.17
2.85
1
49
Фарш свиной
297
25.69
20.77
0
1
50
Сало свинное
812
2.92
88.69
0
1
51
Крабовые палочки
101
12.39
1.47
9.13
1
52
Устрицы
51
5.71
1.71
2.72
1
53
Форель
190
26.63
8.47
0
1
54
Тунец
86
19.44
0.96
0
1
55
Горчица
60
3.74
3.34
5.83
1
56
Кетчуп
101
1.04
0.10
27.40
1
57
Майонез
680
0.96
74.85
0.57
1
58
Хрен
48
1.18
0.69
11.29
1
59
Уксус
18
0
0
0.04
1
60
Ром
231
0
0
0
1
61
Какао-порошок
228
19.60
13.70
57.90
1
62
Сметана
136
3.50
10.60
7.10
1
63
Ряженка
62
3.21
3.31
4.88
1
64
Молоко сгущённое
321
7.91
8.70
54.40
1
65
Молоко коровье
50
3.30
1.98
4.80
1
66
Молоко козье
69
3.56
4.14
4.45
1
67
Йогурт
106
7.33
3
12.29
1
68
Сыр Чеддер
404
22.87
33.31
3.09
1
69
Сыр Моцарелла
295
23.75
19.78
5.58
1
70
Сыр Рикотта
138
11.39
7.91
5.14
1
71
Сыр Филадельфия
105
15.69
1
7.66
1
72
Лапша рисовая
364
5.95
0.56
80.18
1
73
Лапша яичная
138
4.54
2.07
25.16
1
74
Мёд
304
0.30
0
82.40
1
75
Кешью
574
15.31
46.35
32.69
1
76
Мука ржаная
357
9.82
1.33
76.68
1
77
Мука рисовая
366
5.95
1.42
80.13
1
78
Мука овсяная
404
14.66
9.12
65.70
1
79
Пшено
119
3.51
1
23.67
1
80
Кускус
112
3.79
0.16
23.22
1
81
Семена чиа
486
16.54
30.74
42.12
1
82
Шампиньоны
22
3.09
0.34
3.26
1
83
Шампиньоны консервированные
25
1.87
0.29
5.09
1
84
Грибы эноки
37
2.66
0.29
7.81
1
85
Тимьян сушёный
276
9.11
7.43
63.94
1
86
Куркума
312
9.68
3.25
67.14
1
87
Ваниль
288
0.06
0.06
12.65
1
88
Кунжут
631
20.45
61.21
11.73
1
89
Шпинат
23
2.86
0.39
3.63
1
90
Мята
36
2.97
0.79
6.33
1
91
Базилик
23
3.15
0.64
2.65
1
92
Спаржа консервированная
19
2.14
0.65
2.46
1
93
Капуста белокачанная
25
1.28
0.10
5.80
1
94
Соевый соус
53
8.14
0.57
4.93
1
95
Морковь
41
0.93
0.24
9.58
1
96
Батат
86
1.57
0.05
20.12
1
97
Логанова ягода
55
1.52
0.31
13.02
1
98
Тыква
26
1
0.1
6.50
1
99
Физалис
53
0.7
1.9
11.20
1
100
Цветная капуста
25
1.92
0.28
4.97
1
101
Колбаса
324
16.2
44.6
34.6
1
102
Консервированный зеленый горошек
58
3
0.5
7.3
1
103
Рис
325
6.9
1
72.2
1
104
Абрикосы консервированные
83
0.64
0.11
21.31
1
105
Айва
57
0.4
0.1
15.3
1
106
Апельсины
47
0.94
0.12
11.75
1
107
Арбуз
30
0.61
0.15
7.55
1
108
Грейпфрут
42
0.77
0.14
10.66
1
109
Груша консервированная 
74
0.24
0.18
19.08
1
110
Груша
57
0.36
0.14
15.23
1
111
Дыня
36
0.54
0.14
0.09
1
112
Инжир
74
0.75
0.3
19.18
1
113
Киви
61
1.14
0.52
14.66
1
114
Вишня
50
1.00
0.30
12.18
1
115
Лимон
29
1.10
0.30
9.32
1
116
Мандарины
53
0.81
0.31
13.34
1
117
Маслина
81
0.97
6.87
5.61
1
118
Нектарин
44
1.06
0.32
10.55
1
119
Оливки зеленые
145
1.03
15.32
3.84
1
120
Персик
39
0.91
0.25
9.54
1
121
Яблоки
52
0.26
0.17
13.81
1
122
Виноград
69
0.72
0.16
18.10
1
123
Клубника
32
0.67
0.30
7.68
1
124
Авокадо
160
1
14.66
8.53
1
125
Кокосовая стружка
660
6.88
64.53
23.65
1
126
Корень имбиря
80
1.82
0.75
17.77
1
127
Перец чили
40
1.87
0.44
8.81
1
128
Кабачок
17
1.21
0.32
3.11
1
129
Тыква Баттернат
45
0.1
1.0
11.69
1
130
Патиссон
18
1.20
0.20
3.84
1
131
Брокколи
34
2.82
0.37
6.64
1
132
Кукуруза
86
3.27
1.35
18.70
1
133
Спаржа конвервированная
19
2.14
0.65
2.46
2
134
Грибы лисички
38
1.49
0.53
6.86
1
135
Манка
369
10.6
0.50
78
1
136
Палочка корицы
12.4
0.2
0.1
1.4
5
137
Молотая корица
247
4
1.2
27.5
1
